0,52
0,51
0,9
0,2
0,0
0,59
0,57
1,48
1,45
3,45
3,44
2,46
2,44
1,47
1,44
3,43
2,45
2,43
1,46
1,43
3,42
2,42
1,42
3,41
2,41
1,41
3,40
2,40
1,40
3,39
2,39
1,39
3,38
2,38
1,38
3,37
2,37
1,37
3,36
2,36
1,36
3,35
2,35
1,35
3,34
2,34
1,34
3,33
2,33
1,33
3,32
2,32
1,32
3,31
2,31
1,31
3,30
2,30
1,30
3,29
2,29
1,29
3,28
2,28
1,28
3,27
2,27
1,27
3,26
2,26
1,26
3,25
0,53
0,56
0,60
1,0
2,2
3,0
3,2
4,3
5,0
5,3
5,5
5,6
5,8
5,9
5,11
5,12
5,14
5,16
5,17
5,19
5,20
5,22
5,24
7,3
8,1
8,2
8,4
8,5
11,1
11,3
11,4
18,1
18,2
18,4
20,0
20,1
20,3
20,4
22,0
22,1
22,3
22,5
22,6
22,8
22,9
22,11
22,13
22,15
25,0
25,1
25,3
25,5
25,6
25,8
25,9
26,1
26,2
26,4
27,0
27,1
27,3
27,4
27,6
28,1
28,2
28,4
28,5
28,7
28,8
29,1
29,3
29,4
30,1
30,2
30,4
33,1
33,2
33,4
33,5
36,1
36,2
36,4
39,0
39,1
39,3
39,4
41,1
41,3
41,4
41,6
41,7
45,0
45,2
45,3
46,0
46,1
46,3
46,4
47,1
47,3
47,4
49,1
49,2
49,4
50,1
50,2
50,4
61,0
61,2
61,3
64,0
64,2
64,3
88,0
88,1
88,3
88,5
102,0
102,2
102,3
102,6
102,9
104,0
104,2
104,3
104,5
108,0
108,2
108,4
108,5
108,7
108,8
108,10
108,11
108,13
108,15
108,16
109,1
109,3
110,3
110,9
111,3
115,3
115,4
116,3
117,3
117,4
118,3
118,4
118,7
118,9
118,14
118,16
118,17
118,19
118,20
118,23
119,3
119,4
124,3
124,4
129,2
129,3
129,5
139,1
139,3
141,3
141,4
145,2
145,4
147,3
149,3
149,4
151,3
151,5
153,4
155,3
155,4
157,3
157,4
159,4
161,3
161,4
163,2
163,3
163,5
165,4
165,5
167,4
169,3
171,3
173,0
173,5
175,3
175,6
175,8
175,10
175,18
175,26
175,28
175,31
175,34
175,36
175,38
175,68
175,72
175,74
175,78
175,80
175,82
175,87
175,90
175,93
175,94
175,98
175,101
175,106
175,110
175,113
175,118
175,121
175,129
175,132
175,134
175,138
175,139
175,143
175,144
175,151
175,153
175,155
175,158
175,160
175,163
175,166
175,167
175,171
175,172
175,175
175,179
175,180
175,183
175,185
175,193
175,195
175,198
175,201
175,203
175,205
175,206
175,208
175,210
175,211
175,213
175,214
175,216
175,217
180,0
180,3
180,4
184,3
184,5
189,3
189,5
190,3
190,6
192,3
193,3
193,4
193,8
193,13
193,14
197,3
197,5
199,4
201,1
201,3
201,5
201,7
201,10
201,13
201,14
201,16
201,17
201,19
201,20
207,3
208,3
208,4
211,2
211,3
212,1
212,6
215,1
215,5
215,6
216,2
216,4
218,2
221,1
221,3
222,1
222,3
224,3
224,5
224,6
224,8
224,9
224,12
224,13
224,15
226,2
226,3
229,1
229,3
231,1
231,4
235,0
235,2
235,3
235,5
235,7
235,8
235,10
235,11
235,13
235,14
235,16
235,20
235,21
235,23
235,24
235,27
235,31
235,32
235,35
235,37
235,40
235,42
235,45
235,48
235,49
235,52
235,54
235,57
235,60
235,62
235,65
235,67
235,71
235,72
235,75
235,79
235,80
235,83
235,85
235,88
235,91
235,92
235,94
235,95
235,99
235,100
235,103
235,105
235,107
235,109
235,110
235,112
235,129
235,131
235,134
235,136
235,139
235,145
235,146
235,154
235,155
235,158
235,160
235,163
235,165
235,166
236,3
236,4
236,8
236,14
236,15
236,18
236,21
236,24
236,26
236,30
236,33
236,36
236,39
236,41
236,45
236,48
236,49
236,53
236,54
236,57
236,59
236,62
236,66
236,70
236,74
236,76
236,80
236,82
236,84
236,88
236,91
236,95
236,99
236,102
236,105
236,107
236,110
236,112
236,116
236,119
236,122
236,126
236,130
236,138
236,141
236,149
236,154
236,159
236,164
236,166
236,170
236,174
236,177
236,181
236,182
236,185
236,192
236,193
236,198
236,200
236,205
236,208
236,213
236,217
236,221
236,224
236,225
236,229
236,232
236,233
236,237
236,239
236,242
236,244
236,247
236,250
236,252
236,255
236,271
236,321
236,324
236,325
236,329
236,330
236,333
236,337
236,338
236,341
236,343
236,346
236,348
236,351
236,354
236,356
236,359
236,360
236,363
236,366
236,368
236,371
236,372
236,376
236,377
236,380
236,383
236,385
236,388
236,390
236,393
236,396
236,398
236,401
236,403
236,406
236,407
236,410
236,414
236,415
236,418
236,420
236,423
236,426
236,428
236,431
236,433
236,436
236,439
236,441
236,444
236,445
236,448
236,450
236,453
236,456
236,458
236,461
236,463
236,466
236,469
236,471
236,476
236,477
236,481
236,482
236,486
236,493
236,494
236,497
236,499
236,502
236,505
236,507
236,510
236,512
236,515
236,521
236,525
236,529
236,530
236,533
236,535
236,538
236,541
236,543
236,546
236,548
236,551
236,552
236,556
236,559
236,565
236,570
236,571
236,576
236,580
236,582
236,585
236,587
236,590
236,593
236,595
236,598
236,599
236,603
236,604
236,607
236,611
236,612
236,615
236,617
236,620
236,623
236,625
236,628
236,630
236,633
236,634
236,638
236,641
236,642
236,644
236,645
236,647
236,704
236,709
236,712
236,714
236,717
236,718
236,722
236,724
236,725
236,727
236,728
236,730
236,732
236,733
236,735
236,736
236,738
236,740
236,741
236,743
236,744
236,746
236,747
236,749
236,751
236,752
236,754
236,755
236,757
236,759
236,760
236,762
236,763
236,765
236,766
236,768
236,770
236,771
236,773
236,774
238,1
242,0
242,3
243,2
243,3
243,5
243,7
246,3
246,6
246,7
246,10
246,12
246,15
246,18
248,2
248,4
248,5
248,8
248,11
248,13
248,16
248,17
248,21
248,22
248,25
248,28
248,30
248,33
248,34
248,36
248,38
248,40
248,43
248,44
248,46
248,47
248,49
248,51
248,52
248,54
248,55
248,57
248,59
248,60
248,62
248,63
248,67
248,68
248,71
248,74
248,76
248,79
248,81
248,84
248,87
248,89
248,92
248,93
248,97
248,98
248,101
248,105
248,106
248,109
248,111
248,114
248,117
248,119
248,122
248,124
248,127
248,130
248,132
248,135
248,136
248,139
248,141
248,144
248,146
248,147
248,150
248,151
248,154
248,157
248,158
248,162
248,163
248,166
248,168
248,171
248,174
248,176
248,179
248,181
248,184
248,187
248,189
248,192
248,193
248,195
248,196
248,198
248,200
248,201
248,203
248,204
248,206
248,208
248,209
248,211
248,212
248,214
248,216
248,217
248,219
248,220
248,222
248,223
248,225
248,227
248,228
248,230
248,231
248,233
248,235
248,236
248,238
248,239
248,241
248,249
248,251
248,253
248,254
248,257
248,258
248,261
248,265
248,266
248,269
248,271
248,274
248,276
248,279
248,282
248,284
248,287
248,288
248,292
248,295
248,296
248,298
248,299
248,303
248,304
248,306
248,309
248,311
248,314
248,315
248,318
248,321
248,322
248,324
248,325
248,327
248,329
248,330
248,332
248,333
248,335
248,336
248,338
248,340
248,341
248,343
248,344
248,346
248,348
248,349
248,351
248,352
248,354
248,355
248,357
248,359
248,360
248,362
248,363
248,365
248,367
248,368
248,370
248,371
248,373
248,374
248,376
248,378
248,379
248,381
248,382
248,384
248,387
248,389
248,392
248,394
248,397
248,400
248,402
248,405
248,406
248,410
248,411
248,414
248,417
248,419
248,422
248,424
248,427
248,430
248,432
248,435
248,436
248,440
248,441
248,444
248,448
248,449
248,452
248,454
248,457
248,460
248,462
248,465
248,467
248,470
248,471
248,475
248,478
248,479
248,482
248,484
248,487
248,490
248,492
248,495
248,497
248,500
248,501
248,511
248,549
248,550
248,552
248,553
248,555
248,557
248,558
248,560
248,561
248,563
248,565
248,566
248,568
248,569
248,571
248,572
248,574
248,576
248,577
248,579
248,580
248,582
248,584
248,585
248,587
248,588
248,590
248,591
248,593
248,595
248,596
248,598
248,599
248,601
248,603
248,604
248,606
248,607
248,609
248,610
248,612
248,614
248,615
248,617
248,618
248,620
248,622
248,623
248,625
248,626
248,628
248,630
248,631
248,633
248,634
248,636
248,637
248,639
248,641
248,642
248,644
248,645
248,647
248,649
248,650
248,652
248,653
248,655
248,656
248,658
248,660
248,661
248,663
248,664
248,666
248,668
248,669
248,671
248,672
248,674
248,675
248,677
248,679
248,680
248,682
248,683
248,685
248,687
248,688
248,690
248,691
248,693
248,695
248,696
248,698
248,699
248,701
248,702
248,704
248,706
248,707
248,709
248,710
248,712
248,714
248,715
248,717
248,718
248,720
248,721
248,723
248,725
248,726
248,728
248,729
248,731
248,733
248,734
248,736
248,737
248,739
248,740
248,742
248,744
248,745
248,747
248,748
248,750
248,752
248,753
248,755
248,756
248,758
248,759
248,761
248,763
248,764
248,766
248,767
248,769
248,771
248,772
248,774
248,775
248,833
248,835
248,836
248,838
248,839
248,841
248,842
248,844
248,846
248,847
248,849
248,850
248,852
248,854
248,855
248,857
248,858
248,860
248,861
248,863
248,865
248,866
248,868
248,869
248,871
248,873
248,874
248,876
248,877
248,879
248,880
248,882
248,884
248,885
248,887
248,888
248,890
248,892
248,893
248,895
248,896
248,898
248,900
248,901
248,903
248,904
248,906
248,907
248,909
248,911
248,912
248,914
248,915
248,917
248,919
248,920
248,922
248,923
248,925
248,926
248,928
248,930
248,931
248,933
248,934
248,936
248,938
248,939
248,941
248,942
248,944
248,945
248,947
248,949
248,950
248,952
248,953
248,955
248,957
248,958
248,960
248,961
248,963
248,964
248,966
248,968
248,969
248,971
248,972
248,974
248,976
248,977
248,979
248,980
248,982
248,984
248,985
249,0
249,2
249,4
249,5
249,7
249,10
249,11
249,13
249,14
249,16
249,19
249,20
249,22
249,23
249,25
249,26
254,3
249,27
249,24
249,21
249,17
249,15
249,12
249,8
249,6
249,3
248,986
248,983
248,981
248,978
248,975
248,973
248,970
248,967
248,965
248,962
248,959
248,956
248,954
248,951
248,948
248,946
248,943
248,940
248,937
248,935
248,932
248,929
248,927
248,924
248,921
248,918
248,916
248,913
248,910
248,908
248,905
248,902
248,899
248,897
248,894
248,891
248,889
248,886
248,883
248,881
248,878
248,875
248,872
248,870
248,867
248,864
248,862
248,859
248,856
248,853
248,851
248,848
248,845
248,843
248,840
248,837
248,834
248,832
248,773
248,770
248,768
248,765
248,762
248,760
248,757
248,754
248,751
248,749
248,746
248,743
248,741
248,738
248,735
248,732
248,730
248,727
248,724
248,722
248,719
248,716
248,713
248,711
248,708
248,705
248,703
248,700
248,697
248,694
248,692
248,689
248,686
248,684
248,681
248,678
248,676
248,673
248,670
248,667
248,665
248,662
248,659
248,657
248,654
248,651
248,648
248,646
248,643
248,640
248,638
248,635
248,632
248,629
248,627
248,624
248,621
248,619
248,616
248,613
248,611
248,608
248,605
248,602
248,600
248,597
248,594
248,592
248,589
248,586
248,583
248,581
248,578
248,575
248,573
248,570
248,567
248,564
248,562
248,559
248,556
248,554
248,551
248,548
248,503
248,498
248,494
248,489
248,486
248,481
248,476
248,473
248,468
248,463
248,459
248,455
248,451
248,446
248,443
248,438
248,433
248,429
248,425
248,421
248,416
248,413
248,408
248,403
248,398
248,395
248,391
248,386
248,383
248,380
248,377
248,375
248,372
248,369
248,366
248,364
248,361
248,358
248,356
248,353
248,350
248,347
248,345
248,342
248,339
248,337
248,334
248,331
248,328
248,326
248,323
248,320
248,317
248,312
248,307
248,305
248,301
248,297
248,293
248,290
248,285
248,280
248,277
248,272
248,268
248,263
248,260
248,255
248,252
248,250
248,240
248,237
248,234
248,232
248,229
248,226
248,224
248,221
248,218
248,215
248,213
248,210
248,207
248,205
248,202
248,199
248,197
248,194
248,190
248,185
248,182
248,177
248,173
248,170
248,165
248,160
248,155
248,152
248,149
248,145
248,143
248,138
248,133
248,128
248,125
248,120
248,116
248,113
248,108
248,103
248,100
248,95
248,90
248,86
248,82
248,78
248,73
248,70
248,65
248,61
248,58
248,56
248,53
248,50
248,48
248,45
248,41
248,37
248,35
248,32
248,27
248,24
248,19
248,14
248,9
248,7
248,3
246,17
246,14
246,9
246,4
246,0
243,4
243,1
238,3
236,775
236,772
236,769
236,767
236,764
236,761
236,758
236,756
236,753
236,750
236,748
236,745
236,742
236,739
236,737
236,734
236,731
236,729
236,726
236,723
236,720
236,715
236,710
236,648
236,646
236,643
236,639
236,636
236,631
236,626
236,622
236,618
236,614
236,609
236,606
236,601
236,596
236,592
236,588
236,584
236,579
236,575
236,568
236,557
236,554
236,549
236,544
236,540
236,537
236,532
236,527
236,524
236,513
236,508
236,504
236,500
236,496
236,488
236,484
236,479
236,473
236,468
236,464
236,460
236,455
236,452
236,447
236,442
236,437
236,434
236,429
236,425
236,422
236,417
236,412
236,409
236,404
236,399
236,395
236,391
236,387
236,382
236,379
236,374
236,369
236,364
236,362
236,357
236,352
236,349
236,344
236,340
236,335
236,332
236,327
236,322
236,272
236,253
236,249
236,245
236,241
236,235
236,230
236,227
236,222
236,214
236,210
236,202
236,196
236,189
236,184
236,179
236,171
236,168
236,163
236,150
236,139
236,131
236,124
236,118
236,114
236,109
236,103
236,97
236,92
236,86
236,81
236,78
236,72
236,64
236,60
236,56
236,51
236,46
236,43
236,37
236,31
236,28
236,23
236,17
236,11
236,6
236,0
235,164
235,162
235,157
235,152
235,140
235,137
235,132
235,128
235,111
235,108
235,104
235,102
235,97
235,93
235,89
235,87
235,82
235,77
235,74
235,68
235,63
235,59
235,55
235,51
235,47
235,43
235,39
235,34
235,29
235,26
235,22
235,18
235,15
235,12
235,9
235,6
235,4
235,1
231,3
231,0
226,4
226,1
224,14
224,10
224,7
224,4
224,0
221,4
218,4
218,1
216,0
215,3
212,3
211,5
211,0
207,4
207,0
201,18
201,15
201,11
201,8
201,4
200,0
199,3
197,2
193,10
193,6
192,5
190,4
189,4
189,2
180,5
180,1
175,218
175,215
175,212
175,209
175,207
175,204
175,199
175,196
175,186
175,182
175,177
175,174
175,169
175,164
175,161
175,156
175,152
175,148
175,140
175,135
175,130
175,123
175,115
175,109
175,102
175,97
175,92
175,85
175,81
175,75
175,70
175,39
175,35
175,29
175,23
175,14
175,7
175,2
173,3
171,0
167,3
165,3
163,4
161,5
161,2
159,3
155,5
153,5
153,3
149,5
147,4
145,3
143,3
139,4
132,3
129,4
129,0
124,2
118,24
118,22
118,18
118,15
118,10
118,5
117,6
116,4
115,10
111,4
110,6
109,4
108,17
108,14
108,12
108,9
108,6
108,3
108,1
104,4
104,1
102,11
102,4
102,1
88,4
88,2
64,4
64,1
61,4
61,1
50,3
50,0
49,3
49,0
47,2
47,0
46,2
45,4
45,1
41,10
41,5
41,2
41,0
39,2
36,5
36,3
36,0
33,3
33,0
30,3
30,0
29,2
29,0
28,6
28,3
28,0
27,5
27,2
26,5
26,3
26,0
25,7
25,4
25,2
22,16
22,12
22,10
22,7
22,4
22,2
20,5
20,2
18,5
18,3
18,0
11,2
11,0
8,3
8,0
5,23
5,21
5,18
5,15
5,13
5,10
5,7
5,4
5,2
2,0
1,2
0,58
2,25
1,25
3,24
2,24
1,24
3,23
2,23
1,23
3,22
2,22
1,22
3,21
2,21
1,21
3,20
2,20
1,20
3,19
2,19
1,19
3,18
2,18
1,18
3,17
2,17
1,17
3,16
2,16
1,16
3,15
2,15
1,15
3,14
2,14
1,14
3,13
2,13
1,13
3,12
2,12
1,12
3,11
2,11
1,11
3,10
2,10
1,10
3,9
2,9
1,9
3,51
3,8
2,8
1,8
3,50
3,7
2,7
1,7
3,49
3,6
2,50
2,6
1,6
3,48
3,5
2,49
2,5
1,5
3,47
3,4
2,48
2,4
1,50
1,4
3,46
3,3
2,47
2,3
1,49
1,3
0,6
0,5
0,47
0,46
0,49
0,48
0,45
0,55
0,12
0,50
0,10
0,8
0,54
0,11
0,7
0,4
0,3
